stereo_0400_191_-11_314_325.png 446.467 99 191 -12 314 338
stereo_0450_203_16_282_280.png 502.275 88 204 17 282 280
stereo_0500_204_29_270_259.png 559.496 79 204 29 270 259
stereo_0550_205_35_260_248.png 622.538 71 206 36 259 247
stereo_0600_213_49_234_233.png 680.003 65 213 50 234 233
stereo_0650_226_64_217_215.png 749.156 59 226 65 218 214
stereo_0700_235_70_197_213.png 803.64 55 236 70 196 213
stereo_0750_287_112_90_124.png 866.671 51 234 85 198 177
stereo_0800_287_119_86_111.png 920.838 48 237 96 187 157
stereo_0850_287_124_81_107.png 982.227 45 240 102 177 152
stereo_0900_288_127_75_103.png 1052.39 42 244 107 163 146
stereo_0950_286_134_71_95.png 1105.01 40 244 115 156 134
stereo_1000_250_118_142_133.png 1194.6 37 250 119 143 131
