stereo_0400_191_-11_314_325.png 446.467 99 270 72 157 169
stereo_0450_203_16_282_280.png 508.048 87 274 87 141 140
stereo_0500_204_29_270_259.png 559.496 79 271 94 135 130
stereo_0550_205_35_260_248.png 622.538 71 271 98 130 123
stereo_0600_213_49_234_233.png 690.628 64 272 108 117 117
stereo_0650_226_64_217_215.png 749.156 59 281 118 109 107
stereo_0700_235_70_197_213.png 803.64 55 285 123 98 107
stereo_0750_287_112_90_124.png 866.671 51 283 129 99 88
stereo_0800_287_119_86_111.png 920.838 48 284 136 94 78
stereo_0850_287_124_81_107.png 982.227 45 284 140 88 76
stereo_0900_288_127_75_103.png 1052.39 42 285 144 82 73
stereo_0950_286_134_71_95.png 1105.01 40 283 148 78 67
stereo_1000_250_118_142_133.png 1194.6 37 285 152 71 66
stereo_1050_252_122_137_124.png 1262.86 35 287 154 68 62
stereo_1100_258_121_126_128.png 1300.01 34 290 154 63 64
stereo_1150_258_120_119_131.png 1381.26 32 288 153 60 65
stereo_1200_259_124_122_126.png 1425.81 31 290 156 61 63
stereo_1250_260_124_118_126.png 1473.34 30 290 156 59 63
stereo_1300_264_124_109_127.png 1578.58 28 292 156 55 63
stereo_1350_262_131_118_124.png 1637.05 27 292 162 58 61
stereo_1400_260_129_112_122.png 1700.01 26 288 161 57 61
stereo_1450_292_167_54_45.png 1768.01 25 298 166 44 48
stereo_1500_288_169_58_44.png 1841.68 24 294 167 47 48
stereo_1550_290_168_56_46.png 1841.68 24 296 167 45 49
stereo_1600_290_168_54_44.png 2009.1 22 296 167 43 47
