stereo_0500_159_-20_389_313.png 479.962 127 257 64 194 166
stereo_0550_176_-21_345_305.png 525.476 116 263 60 172 163
stereo_0600_200_-14_304_286.png 575.049 106 277 61 152 150
stereo_0650_210_0_292_279.png 628.404 97 284 70 146 140
stereo_0700_510_34_125_304.png 677.28 90 289 79 138 132
stereo_0750_517_34_112_309.png 725.657 84 288 85 128 117
stereo_0800_524_51_108_167.png 781.477 78 294 90 114 114
stereo_0850_522_53_111_162.png 823.719 74 298 96 103 103
stereo_0900_507_38_129_311.png 883.409 69 289 96 104 105
stereo_0950_102_202_109_157.png 937.772 65 291 97 98 104
stereo_1000_102_204_111_155.png 983.148 62 294 100 91 99
stereo_1050_101_204_113_155.png 1033.14 59 297 101 87 95
stereo_1100_102_205_117_145.png 1088.49 56 292 110 99 82
stereo_1150_512_57_127_302.png 1150.1 53 295 114 93 76
stereo_1200_253_78_175_148.png 1195.2 51 297 116 88 73
stereo_1250_104_203_114_145.png 1243.98 49 299 120 84 68
stereo_1300_503_38_134_319.png 1296.92 47 299 121 81 64
stereo_1350_103_202_118_148.png 1354.56 45 296 122 80 62
stereo_1400_103_202_119_149.png 1417.56 43 294 123 79 61
stereo_1450_104_202_117_149.png 1451.31 42 294 123 73 61
stereo_1500_517_52_122_307.png 1523.88 40 298 123 70 59
